00000000100000000000000000000000000000000000000000
00000000100000000000000000000000000000000000000000
00000000100000000000000000000000000000000000000000
00000000100000000000000000000000000000000000000000
00000000100000000000000000000000000000000000000000
00000000100000000000000000000000000000000000000000
00000000800000000000000000000000000000000000000000
00000000100000000000000000000000000000000000000000
00000000100000000000000000000000000000000000000000
00000000100000000000000000000000000000000000000000
00000000100000000000000000000000000000000000000000
00000000100000000000000000000000000000000000000000
00000000100000000000000000000000000000000000000000
00000000100000000000000000000000000000000000000000
00000000700000000000000000000000000000000000000000
00000000100000000000000000000000000000000000000000
00000000100000000000000000000000000000000000000000
00000000100000000000000000000000000000000000000000
00000000100000000000000000000000000000000000000000
00000000100000000000000000000000000000000000000000
00000000100000000000000000000000000000000000000000
00000000100000000000000000000000000000000000000000
00000000100000000000000000000000000000000000000000
11171811100000000000000000000000000000000000000000
10000000000000000000000000000000000000000000000000
90000000000000000000000000000000000000000000000000
10000000000000000000000000000000000000000000000000
10000000000000000000000000000000000000000000000000
10000000000000000000000000000000000000000000000000
10000000000000000000000000000000000000000000000000
