00000000000000000000000000000000000090000000000000
00000000000000000000000000000000000020000000000000
00000000000000000000000000000000000020000000000000
00000000000000000000000000000000000020000000000000
00000000000000000000000000000000000030000000000000
00000000000000000000000000000000000020000000000000
00000000000000000000000000000000000020000000000000
00000000000000000000000000000000000090000000000000
00000000000000000000000000000000000020000000000000
00000000000000000000000000000000000020000000000000
00000000000000000000000000000000000020000000000000
00000000000000000022322222922222222220000000000000
00000000000000000020000000000000000000000000000000
00000000000000000020000000000000000000000000000000
00000000000000000020000000000000000000000000000000
00000000000000000020000000000000000000000000000000
00000000000000000090000000000000000000000000000000
00000000000000000020000000000000000000000000000000
00000000000000000020000000000000000000000000000000
00000000000000000020000000000000000000000000000000
00000000000000000020000000000000000000000000000000
00000000000000000020000000000000000000000000000000
00000000000000000020000000000000000000000000000000
00000000000000000030000000000000000000000000000000
00000000000000000020000000000000000000000000000000
92222222922223222220000000000000000000000000000000
00000000000000000000000000000000000000000000000000
00000000000000000000000000000000000000000000000000
00000000000000000000000000000000000000000000000000
00000000000000000000000000000000000000000000000000
